448
0000011000
1111001000
1011011110
0100011110
0110000110
0011101111
0111011110
1101001010
1001101001
1111000110
===
1 8
1110000110
1011011010
1000000010
1100000010
0100000000
0000000001
0100000011
1000000000
1011111100
0100100000
===
2 6
1110000110
1011011010
1000110110
1110000010
0100000000
0000000101
0100000111
1001110100
1011111100
0100100000
===
3 4
1110000110
1011011010
1001110110
1111000110
0100000000
0000000101
0111001111
1001111100
1011111100
0100100000
===
4 2
1110000110
1011011010
1001110110
1111000110
0100000000
0000000101
0111001111
1001111100
1011111100
0100100000
===
